fecha,C. Valenciana - 1 dosis,C. Valenciana - 2 dosis,España - 1 dosis,España - 2 dosis
2021-03-31,10.385989949748744,5.055557788944723,11.222597976535814,5.746555335750557
2021-04-01,11.344582914572864,5.1687035175879394,11.710573379757422,5.906911169381153
2021-04-03,12.10673366834171,5.271658291457286,12.053349786713499,6.000113998339273
2021-04-05,12.217608040201005,5.283618090452261,12.4407456251659,6.024734091693311
2021-04-06,12.218874371859297,5.283638190954774,12.921874370071004,6.129239608902489
2021-04-07,13.33097487437186,5.283618090452261,13.549743770887243,6.212742653268475
2021-04-08,14.345286432160803,5.58313567839196,14.341825266310618,6.3787751733749385
2021-04-09,15.110291457286431,5.710673366834171,15.120335933127619,6.487871879720474
2021-04-12,15.110251256281407,5.710693467336683,16.211839409665156,6.564591621645806
2021-04-13,15.968422110552764,5.759678391959799,16.763048200706855,6.622993068001319
2021-04-14,16.79121608040201,5.827417085427135,17.424739079912605,6.726674958824488
2021-04-15,18.02438190954774,5.9766231155778895,18.228642781768976,6.8710228744911435
2021-04-16,18.728603015075375,6.121226130653266,19.01110051965123,7.029758909562592
2021-04-19,19.342391959798995,6.204703517587939,19.939540754796987,7.205493326123716
2021-04-20,19.962814070351758,6.320844221105528,20.250466051102382,7.290400759070972
2021-04-21,20.581768844221106,6.711899497487438,20.878301662118172,7.627215378109874
2021-04-22,20.802633165829146,7.17019095477387,21.418402056261414,7.9575296842869
2021-04-23,21.09161809045226,7.582391959798995,21.97575214353519,8.157679343536826
2021-04-26,21.534391959798995,7.851698492462312,22.800651982647164,8.336503414976743
2021-04-27,22.435959798994976,7.965929648241206,23.259865930096886,8.49168307355066
2021-04-28,23.43169849246231,8.226030150753768,23.782045058825613,8.799620084378624
2021-04-29,23.774130653266333,8.820261306532663,24.32896465707249,9.321305037275748
2021-04-30,24.07372864321608,9.613608040201004,24.84259919001202,9.904141081540132
2021-05-03,24.07372864321608,9.613608040201004,24.84259919001202,9.904141081540132
2021-05-04,24.56158793969849,10.40205025125628,26.147419788662962,10.986536094993435
2021-05-05,25.8683216080402,10.883718592964824,26.791808178174968,11.392051713937999
2021-05-06,26.782613065326633,11.535316582914573,27.383575289071217,12.030915471076174
2021-05-07,27.201929648241208,12.21835175879397,28.027606773815954,12.579205668103866
2021-05-10,27.63565829145729,12.826673366834171,29.13827751465965,13.138902034646499
2021-05-11,28.26954773869347,13.050211055276382,29.627222262781714,13.36269821862495
2021-05-12,29.034954773869348,13.503135678391958,30.238382607274644,13.733395560066683
2021-05-13,29.910492462311556,13.696542713567839,30.739324846419546,14.183598190108471
2021-05-14,29.910492462311556,13.696542713567839,30.739324846419546,14.183598190108471
2021-05-17,30.826572864321612,14.260060301507538,32.3555205680944,15.234376509651728
2021-05-18,31.272683417085428,14.439899497487438,32.725187320622354,15.466068947623214
2021-05-19,31.274351758793973,14.44,33.243349686822405,15.773866575524313
2021-05-20,32.685989949748745,15.375015075376886,33.8950620155823,16.255614096150186
2021-05-21,33.53688442211055,15.60705527638191,34.524059150988606,16.610459797455064
2021-05-24,33.53688442211055,15.60705527638191,35.28909402301301,17.17081084138145
2021-05-25,34.916502512562815,16.31545728643216,35.80283837280401,17.424584913948042
2021-05-26,35.29985929648241,17.1670351758794,36.29812504409833,17.811940627012408
2021-05-27,36.12761809045226,17.724824120603014,36.93138814181165,18.193015660917833
2021-05-28,36.263859296482416,17.897467336683416,37.39542558327584,18.593604304584048
2021-05-31,36.43774874371859,18.172623115577892,38.08198575561396,19.47408625357636
2021-06-01,36.604120603015076,18.36086432160804,38.390712603027474,19.862584484268496
2021-06-02,37.25933668341709,19.143819095477387,38.9136097650158,20.4411123289753
2021-06-03,38.16804020100503,20.35997989949749,39.5344128738126,21.074706989105557
2021-06-04,39.581628140703515,20.794994974874374,40.20592391377459,21.66181533126454
2021-06-07,40.44132663316583,21.18265326633166,41.78652419253623,23.23654674406023
2021-06-08,40.63342713567839,22.04962814070352,42.33898742991969,23.779941643747502
2021-06-09,41.26078391959799,22.95278391959799,42.88303278326565,24.397065888020137
2021-06-10,42.43031155778895,23.733547738693467,43.563629055824066,25.118389429435357
2021-06-11,43.2108743718593,24.890371859296483,44.27228142206994,25.87032019447213
2021-06-14,43.80769849246231,25.769065326633168,45.3518000787598,27.059410726576377
2021-06-15,43.80769849246231,25.76924623115578,45.856645039856865,27.4697794056108
2021-06-16,44.8283216080402,26.53415075376884,46.56428582395172,28.08990460653604
2021-06-17,45.589386934673364,27.420040201005026,47.23202507743831,28.808108926997072
2021-06-18,46.590211055276384,27.697929648241203,47.90741349700212,29.438442871383753
2021-06-21,46.99666331658292,28.072964824120604,48.99640596899359,30.47773054691094
2021-06-22,47.13189949748744,28.525849246231154,49.50933091612364,31.14096730948735
2021-06-23,47.702351758793974,29.447497487437186,50.20325726496021,31.9703020599086
2021-06-24,48.26745728643216,31.24743718592965,50.852443806136336,32.9503900050446
2021-06-25,48.27475376884422,31.24916582914573,51.37296089905535,33.567632513618825
2021-06-28,49.47559798994975,32.356783919597994,52.358951499957755,35.077852861764846
2021-06-29,49.50502512562814,34.24329648241206,52.81222477811558,36.08822913928065
2021-06-30,50.09672361809046,35.16114572864322,53.473639003330135,36.99895929526472
2021-07-01,51.027195979899496,36.53463316582914,54.121288108585716,37.99351772244412
2021-07-02,52.011336683417085,37.51979899497487,54.799109393782054,38.99841794042423
2021-07-05,52.9633567839196,38.224884422110556,55.97634392965285,40.41143559198368
2021-07-06,53.544040201005025,39.47531658291457,56.444866967126984,41.24515668087605
2021-07-07,54.2547336683417,40.963075376884426,57.0126285366649,42.19940598797924
2021-07-08,54.760984924623116,42.309185929648244,57.605542388913975,43.35338046996417
2021-07-09,54.915216080402004,43.35845226130653,58.14954972873443,44.34773193461581
2021-07-12,56.297165829145726,44.95089447236181,59.12018075346904,46.01747604255631
2021-07-13,56.978452261306536,45.03764824120603,59.58883895014498,46.75634916158107
2021-07-14,58.27485427135678,45.50564824120603,60.137186167460946,47.541687479951825
2021-07-15,58.502633165829145,46.98393969849246,60.73691077636354,48.465460498910204
2021-07-16,58.657045226130656,47.97961809045226,61.31449884224528,49.36013205222965
2021-07-19,58.7852864321608,48.10389949748743,62.267835824736274,50.77132294270219
2021-07-20,59.737547738693465,48.41001005025126,62.71744079768258,51.41119828199139
2021-07-21,60.82217085427135,49.650311557788946,63.263965477636674,52.16395478527669
2021-07-22,61.37881407035176,51.03837185929648,63.81480680459847,52.92529812160176
2021-07-23,61.9388944723618,51.476763819095474,64.41181344642723,53.63914989339212
2021-07-26,62.257829145728635,51.847658291457286,65.1043544134453,54.79083300453394
2021-07-27,62.727216080402016,52.179256281407035,65.45977242949532,55.227663321047004
2021-07-28,64.21597989949748,52.935356783919595,66.13327073209636,55.79561284634994
2021-07-29,65.16458291457286,53.39021105527638,66.71889865862306,56.375931550480686
2021-07-30,65.64428140703518,53.53366834170854,67.26623851751306,56.88058222022515
2021-08-02,65.81013065326633,53.642633165829146,67.93750246955923,57.57372717992627
2021-08-03,66.29831155778895,54.158914572864326,68.32470401665904,57.944234453740464
2021-08-04,67.4868743718593,58.07161809045226,68.95389544341796,58.73466869639182
2021-08-05,68.56259296482412,58.294793969849245,69.46481834487125,59.2048558815382
2021-08-06,68.8323216080402,58.44229145728643,69.9901863860176,59.67267989251549
2021-08-09,68.91097487437186,58.552301507537685,70.58801031864479,60.37278132738459
2021-08-10,69.3057487437186,59.267316582914574,70.90781388501884,60.75570212913968
2021-08-11,70.82713567839195,60.2001608040201,71.53186292652153,61.229865951426696
2021-08-12,72.32902512562815,60.899115577889454,72.21885814254045,61.71131781129861
2021-08-13,73.21127638190956,61.32239195979899,72.76537015131939,62.355655516109955
2021-08-16,73.69035175879397,61.46408040201005,73.315898922627,62.92084906081355
2021-08-17,74.25252261306532,62.13951758793969,73.63532024188343,63.28893614017039
2021-08-18,75.14990954773869,63.535979899497484,74.0691643847816,63.90777310495343
2021-08-19,76.18231155778894,64.42930653266332,74.48386238199889,64.54935060544037
2021-08-20,76.89123618090451,64.9363216080402,74.84899707754128,65.67146975304958
2021-08-23,77.35111557788944,65.07177889447236,75.32460963752267,66.41213795522332
2021-08-24,77.98156783919598,65.53718592964825,75.6716857965862,66.84814253348786
2021-08-25,78.39011055276382,66.51242211055276,75.92222871948462,67.43361629405
2021-08-26,78.59748743718593,67.51189949748743,76.26190068852421,68.08598752391869
2021-08-27,78.78713567839196,67.78631155778895,76.52865426818927,68.54974831139168
2021-08-30,79.03330653266332,68.41756783919598,76.75894442944201,69.29372369028464
2021-08-31,79.26116582914572,69.03835175879397,76.93814230054942,69.68393675334968
2021-09-01,79.4699095477387,71.47230150753768,77.15336643452581,70.48698726274465
2021-09-02,79.4699095477387,71.47230150753768,77.15336643452581,70.48698726274465
2021-09-03,79.99710552763818,72.97929648241205,77.49875943915437,71.67672613664506
2021-09-06,80.02223115577888,73.04657286432162,77.76001584065845,72.37478117672431
2021-09-07,80.04365829145729,73.39175879396986,77.90637002572693,72.68723334963761
2021-09-08,80.3940703517588,75.35411055276381,78.15638075926822,73.36556570556577
2021-09-09,80.56830150753768,75.96022110552764,78.28174936639373,73.71203153635865
2021-09-10,80.61324623115578,76.11630150753768,78.40657944857453,74.06367565407075
2021-09-13,80.66166834170855,76.33911557788944,78.59614656469553,74.54955820152689
2021-09-14,80.68442211055277,76.82978894472362,78.65256074841199,74.78755243728259
2021-09-15,80.85658291457285,77.22180904522614,78.77923448657992,75.12245793259598
2021-09-16,80.87604020100503,77.28038190954774,78.86001956387209,75.36908123864201
2021-09-17,81.03879396984924,77.65563819095478,78.95358140946,75.57245782383507
2021-09-20,81.05561809045227,77.71591959798995,79.09459258233207,76.03876340565456
2021-09-21,81.07386934673367,78.33461306532664,79.136039996311,76.20941879283531
2021-09-22,81.15581909547738,78.67224120603015,79.21312931417876,76.4170634521979
2021-09-23,81.1695879396985,78.71809045226131,79.27577771607855,76.57424515644857
2021-09-24,81.29314572864321,78.99310552763819,79.34517985434357,76.73602649728572
2021-09-27,81.30275376884421,79.01750753768845,79.43215268884344,76.97224465665519
2021-09-28,81.31919597989949,79.18552763819096,79.47373315016164,77.08678152087343
2021-09-29,81.43437185929649,79.62122613065327,79.52795310871127,77.22395543953171
2021-09-30,81.4445025125628,79.67129648241206,79.57515957180466,77.32283706682821
2021-10-01,81.46044221105527,79.70472361809045,79.62225199432153,77.43595475942749
2021-10-04,81.46976884422111,79.72498492462312,79.67583628225017,77.60242654693982
2021-10-05,81.47358793969849,79.73847236180904,79.70467798879814,77.65673309185311
2021-10-06,81.49276381909549,79.81622110552765,79.73481004335083,77.72238456226802
2021-10-07,81.51730653266331,79.89708542713568,79.77023020167421,77.78488513379081
2021-10-08,81.53515577889448,79.96377889447236,79.80369266343392,77.85948245387529
2021-10-11,81.54864321608041,79.99798994974874,79.86353440003369,78.00743531887761
2021-10-13,81.54980904522613,80.0015879396985,79.89203820857713,78.05689936301368
2021-10-14,81.5755175879397,80.07736683417085,79.92744358386281,78.12818105892885
2021-10-15,81.69449246231156,80.24432160804021,79.97296689252121,78.20050601493294
2021-10-18,81.71224120603016,80.28203015075377,80.02167911359723,78.295499703315
2021-10-19,81.72106532663317,80.29272361809046,80.03865848832416,78.32185997139229
2021-10-20,81.74233165829146,80.34779899497487,80.05777717979217,78.35539423647796
2021-10-21,81.77302512562814,80.40012060301508,80.12157021118223,78.51134472487468
2021-10-22,81.80004020100502,80.44950753768845,80.15368741651147,78.56040117954281
2021-10-25,81.81975879396985,80.48110552763819,80.20692113526042,78.63366380250942
2021-10-26,81.8235175879397,80.48713567839197,80.22671984646253,78.6669805457547
2021-10-27,81.84578894472362,80.51929648241206,80.24811512573596,78.69443264675908
2021-10-28,81.87553768844221,80.55921608040201,80.2803294767415,78.73548091872019
2021-10-29,81.87553768844221,80.55921608040201,80.28802510379435,78.74435074133872
2021-11-02,81.90486432160804,80.5945728643216,80.33003638506831,78.80919336840532
2021-11-03,81.94337688442211,80.63366834170854,80.37686482476916,78.8723359461367
2021-11-04,81.96850251256281,80.66327638190954,80.4008872610277,78.9010087036824
2021-11-05,81.99330653266331,80.6942311557789,80.42618948597836,78.93221780812449
2021-11-08,82.01453266331659,80.71811055276382,80.46231923011122,78.97995434871248
2021-11-10,82.0377688442211,80.74737688442211,80.49950701737072,79.02035639073993
2021-11-11,82.06152763819095,80.77758793969849,80.52682818289836,79.0499393610353
2021-11-12,82.0814472361809,80.80530653266331,80.55620419066597,79.08659707080021
2021-11-15,82.10940703517588,80.83031155778895,80.59763682160718,79.14062062613472
2021-11-16,82.11698492462311,80.83642211055276,80.61195947327361,79.15371839753476
2021-11-17,82.13322613065327,80.85595979899497,80.62602236584905,79.16914977702851
2021-11-18,82.15833165829146,80.8841608040201,80.6681962605377,79.21086750941105
2021-11-19,82.18156783919598,80.91254271356783,80.69363786841521,79.23678639821993
2021-11-22,82.20940703517587,80.93670351758794,80.75227795523642,79.29521318692578
2021-11-23,82.22026130653266,80.94299497487437,80.77855797253764,79.31573415511254
2021-11-24,82.24090452261306,80.96369849246231,80.80788751932961,79.33642829602661
2021-11-25,82.27274371859296,80.99672361809044,80.84491269317444,79.36065980667546
2021-11-26,82.27577889447237,81.00309547738694,80.85968305969683,79.3683849998037
2021-11-29,82.27577889447237,81.00309547738694,80.88382376025697,79.37769408982811
2021-11-30,82.27577889447237,81.00309547738694,80.96754855018843,79.43801099549674
2022-01-11,85.57642211055277,81.97208040201005,84.72575997326551,80.44915176724774
2022-01-11,85.60283417085427,82.00076381909548,84.85765634746576,80.48003142113545
2022-01-12,85.64192964824122,82.02820100502512,84.98302495459126,80.51574935207529
2022-01-13,86.02104522613065,82.06550753768845,85.14577986405392,80.5559528790251
2022-01-14,86.02104522613065,82.06550753768845,85.14577986405392,80.5559528790251
2022-01-17,86.51909547738693,82.08733668341709,85.39755189094376,80.6162528897935
2022-01-18,86.86078391959799,82.11059296482412,85.49724658531363,80.64803430898073
2022-01-19,87.25449246231156,82.13997989949749,85.59948185030497,80.6753808168587
2022-01-20,87.57819095477387,82.17053266331659,85.91890950514902,80.69918995500191
2022-01-21,87.7784120603015,82.20182914572864,86.05865356050413,80.73101361143972
2022-01-24,87.92952763819095,82.21577889447235,86.17110601640702,80.76218681421884
2022-01-25,88.02633165829145,82.22876381909548,86.2158204817171,80.7864415553555
2022-01-26,88.09161809045226,82.24844221105528,86.26629821986673,80.81003950724588
2022-01-27,88.14339698492462,82.27079396984924,86.30881423628493,80.83188461323783
2022-01-28,88.17831155778894,82.28858291457286,86.34196836611552,80.84957357377424
2022-01-31,88.19847236180904,82.3003216080402,86.39936034218255,80.86194486446458
2022-02-01,88.19847236180904,82.3003216080402,86.41505781635485,80.87472374462286
2022-02-02,88.21447236180904,82.32886432160804,86.43287348864294,80.89508632312
2022-02-03,88.22317587939699,82.34235175879398,86.45138607556535,80.9100066318819
2022-02-04,88.2311959798995,82.35449246231155,86.46597482191034,80.92003797889096
2022-02-07,88.23895477386935,82.36729648241206,86.49832433211768,80.94301081947299
2022-02-08,88.244,82.37690452261307,86.51300388855135,80.99296903944065
2022-02-09,88.25095477386935,82.38982914572864,86.52556102314418,81.01233481882447
2022-02-10,88.26036180904524,82.40478391959799,86.54146545984423,81.02491096018005
2022-02-11,88.29302512562815,82.42024120603016,86.55878906816325,81.03812488401914
2022-02-14,88.34180904522613,82.43479396984925,86.59133075786066,81.05783489699506
2022-02-15,88.37738693467337,82.44182914572863,86.60269680198756,81.0648251619635
2022-02-16,88.42036180904522,82.45270351758795,86.62212804910976,81.07790392660078
2022-02-17,88.4662311557789,82.95604020100502,86.63736302538837,81.94565979199801
2022-02-18,88.5044824120603,82.96506532663317,86.65169623636743,82.01252347150412
2022-02-21,88.53091457286432,82.98028140703518,86.66615827096071,82.0549317829334
2022-02-22,88.53943718592964,82.9874974874372,86.64416322272925,82.05880705067268
2022-02-23,88.54862311557788,83.78908542713567,86.65292745222139,82.18829378972823
2022-02-24,88.55831155778895,83.80265326633166,86.65816909501643,82.21460759682991
2022-02-25,88.9449648241206,84.18259296482412,86.71152952551708,82.30704381969028
